0.4212237782016092
0.40186707432172736
0.383822540239412
0.3597168192571523
0.3316896335811031
0.3020843586751393
0.2739634297940196
0.24872427388113372
0.22646550058710332
0.20670708740244106
0.18889625887481534
0.17258783931634863
0.1574886835047177
0.14333276344197138
0.1301853498634027
0.11805378630453227
0.10705997787263928
0.09723080139683217
0.08860047746981893
0.08109180043850626
0.07464632239876962
0.06913355053687582
0.06446026143979053
0.06046401542060229
0.05705436581403625
0.054130611523073545
0.05160849860736302
0.04940414356485921
0.047486832213340976
